1000
8883
5590
3065
4112
8705
950
258
9016
1050
1333
7054
5221
4104
2695
8659
9127
3287
9000
6174
2375
7497
5018
4858
4819
2295
9973
4873
6641
3384
4945
7728
5725
2535
8858
8167
5594
8203
1474
879
1849
3569
6753
2077
7397
480
9394
4656
1999
2537
7311
5528
5634
1820
6444
5032
7270
3117
5264
3847
8992
6426
7952
237
4699
9428
5025
1423
3735
2854
6667
1444
6979
382
9411
8091
6261
3960
4608
8911
4316
9005
820
1944
8428
1796
723
2344
3367
4164
664
12
8210
7239
8310
6636
8924
3210
811
8312
5888
8936
7866
6363
1061
904
9002
4138
4884
3555
9350
4957
5456
1781
3942
1438
3550
8774
433
9903
4913
7830
3519
1243
676
8815
9768
9958
897
7033
4283
5332
3967
5713
9976
6116
5169
6900
7809
2148
5103
773
9708
4095
3955
9185
8132
528
8398
7083
240
7531
3959
559
9139
6434
497
839
8962
5380
6342
61
3133
2902
4594
1182
8875
6573
3435
9503
9935
9824
5137
579
5063
9216
1892
7309
2807
3863
7310
1634
2679
9984
3756
7295
1819
576
2454
6572
2576
620
5655
5978
9956
8801
2767
7000
262
9693
1579
4386
1390
6176
752
695
447
5548
3552
7625
3016
4988
872
6592
8343
4501
3493
901
7499
7096
7104
823
2376
4027
4888
7074
8447
7426
9965
4098
8765
8619
6748
2999
6184
3991
2779
7199
1526
6246
1400
3762
7085
5534
8737
2265
5707
1028
6407
3323
3989
1431
8383
9521
6779
2117
4655
8645
3680
5309
1525
666
5514
3622
6902
6036
7803
7539
6433
1859
6162
4876
8717
1539
3447
8616
3158
3981
1207
4647
7162
5098
5324
7205
8399
928
8888
4842
6980
2436
3956
9922
1984
9299
175
5907
2186
2980
6405
8464
4598
75
144
8449
9558
540
880
9220
4157
6932
4915
9399
5726
3870
8208
7154
487
6308
8355
7215
7774
7362
2310
9309
1434
6802
5363
3453
6024
7234
3540
5845
5199
672
7574
9791
6773
9313
3407
4267
3061
371
7400
2509
9859
2528
2384
5783
1930
4518
8058
1788
5825
5119
1885
9843
4108
8234
1071
4958
1908
1126
2819
2682
3951
3434
3149
9524
1239
5035
4862
2075
5355
851
5805
2692
7861
3020
786
9279
7056
5297
9624
9378
6735
3225
9447
4593
4618
5111
4471
5553
3123
5815
291
316
6582
5792
27
6701
14
7958
2085
5027
8367
7726
759
926
1487
1842
3536
9025
1561
2885
3634
6161
7168
7496
9734
3645
4191
9906
1672
2228
9945
8216
9753
7926
3666
8441
1954
7166
7908
1223
6472
2104
8427
2620
267
7102
3151
1110
2355
8904
733
5015
210
9073
766
8308
1343
7073
3668
4358
2879
6501
3165
4199
261
8108
2888
2790
26
9415
2229
9758
8670
6879
4877
6049
4403
7971
3072
7698
538
657
9633
8694
5172
6178
5379
7020
3390
4238
621
634
2746
8539
7042
2490
6959
6777
3861
6052
3030
7374
1359
4368
8246
5467
5870
3997
5615
7501
2809
1830
3192
7687
4377
3511
5426
2972
5566
7479
25
223
5685
3064
2975
9285
3661
1755
5097
7624
6021
6621
5319
3918
8997
7211
9748
8421
140
1370
6372
934
7157
4311
9820
1998
6933
3343
5529
7638
1668
1161
5732
8320
1169
7118
9310
9056
9175
6702
5995
8156
9665
6105
1750
6742
9221
1377
4779
9407
2526
2924
2405
7084
6455
9032
1021
4211
3224
1294
7913
8905
3812
4798
5086
386
2063
739
2951
8561
3413
5579
2657
6356
4119
6031
774
5391
1111
6301
5238
8916
6187
1691
7471
7870
3280
7025
2112
8438
6103
5367
2860
486
9881
2304
7543
2545
4580
1757
9322
65
2003
2694
8641
4414
1530
1113
9885
5073
659
7407
6565
2625
6497
8908
3925
8038
7781
5797
5746
5585
4571
2127
7219
1856
5417
1762
1354
1803
7285
6270
8350
775
1210
4987
3944
9826
9781
41
7673
7305
70
687
9018
4375
5038
5502
8708
3837
5458
1287
9096
1340
968
266
574
8850
1497
583
9993
9559
4751
3250
2111
4461
6999
795
8945
7576
4541
5881
5493
6364
3442
7268
5201
4832
2578
9050
7736
3333
3219
1007
8109
6920
3299
6808
4577
6102
9189
7411
9793
5373
2608
9936
6326
8542
2995
7801
2817
5935
5092
5267
5269
8618
7491
6302
7269
4053
8202
2484
6200
8866
8551
2038
1591
4745
5446
2585
3464
4133
6752
5386
7126
5729
5809
521
7979
381
279
7450
3110
7130
1174
8977
2207
9207
6252
6451
3728
2457
5920
9600
249
6733
9416
5338
6833
9934
7905
8566
3181
6393
8998
4125
1492
9010
9079
9787
329
3583
9892
7733
3321
2386
4310
685
8031
3802
9511
227
3574
8409
4060
7128
4516
5166
9294
4401
1935
1699
6124
4019
6962
422
8269
6623
6590
2737
7829
4931
208
6219
7063
5240
9128
3553
31
606
3071
3994
1172
829
8860
4045
3091
4521
3375
8137
146
7097
2275
6366
9703
3362
9276
8685
8163
6974
2689
6858
5471
2943
5961
3627
8747
5753
1435
966
3681
626
6720
373
2374
1586
8062
476
9551
9773
7050
4852
5394
8311
838
1633
8158
120
6626
1993
6952
4708
8136
3305
6040
9697
4124
3454
5818
2848
6120
4307
8586
3701
4733
9909
3006
8144
7941
207
1559
303
5470
4425
2936
8074
6474
2501
6464
3558
3988
8193
924
8937
1778
9035
2102
1765
8882
5979
6551
8266
641
4390
5222
6739
9049
720
8514
8114
9485
7393
3483
5973
1002
8353
8859
4428
2939
1510
6939
2034
1101
7021
8349
216
8615
2095
3296
5856
6205
9847
3920
1618
3247
8695
6082
6976
7644
2108
7617
3702
9352
6413
4638
5827
6133
1233
8843
482
7618
4448
3712
916
1924
6935
9806
7936
1316
6957
2842
9446
7815
1433
9001
4258
9581
8609
5463
2624
407
2997
3611
500
9726
2236
6616
7690
7176
7986
7013
9586
3138
5741
1095
2015
4814
791
2614
9643
5454
565
5542
3579
9090
4695
5464
2019
125
5682
8601
5768
2828
6616
4010
1893
4898
4512
1386
2315
4982
829
9632
2052
4104
8216
6405
9375
3041
7564
5170
1718
5980
648
8418
766
7572
2307
6917
991
8584
6870
5272
533
3832
4145
3521
407
198
1006
7630
3245
3635
8309
5303
7532
7617
6214
8002
7347
9216
4558
8381
3994
1404
9586
1050
3620
8732
6306
2091
5104
3704
1062
5823
2834
165
5299
5966
9621
9148
8699
4247
1267
8105
1277
6523
9720
1074
8935
1358
5686
5759
7446
3659
4116
6428
7197
3120
1438
1677
2081
8347
74
318
4665
8884
4969
2018
4045
4819
4338
5587
7025
3663
9472
5003
2245
7911
6562
3448
3066
2097
2179
4806
3510
6740
3571
9032
4184
8898
2740
7502
8864
3804
4487
2587
9637
7857
6792
9959
4378
8639
6172
8997
3695
1477
4267
1853
4871
5827
4271
4948
5364
4599
7854
9411
9942
5972
8980
6366
8949
1344
7223
7159
2514
430
816
8530
2248
2394
6727
994
6896
5657
9826
4405
6129
376
7603
843
6967
7578
9797
6271
4546
9536
7730
915
6550
7142
6599
8449
205
7675
4772
4009
8301
6321
7042
4190
7162
8520
7354
9084
5985
61
461
1159
9775
5597
1379
6855
1063
9746
6076
5256
1671
5430
4263
2263
912
1966
9544
2167
7046
5957
9837
1752
5646
6124
3995
9262
5243
8561
3838
6652
5572
7586
3196
699
8665
475
4425
6631
1051
3149
920
386
5920
6251
1715
2948
131
2824
7126
1002
3835
8965
3031
9582
7684
5222
8988
1206
3291
2082
6310
549
1188
8546
8286
9340
8690
4800
9263
4375
5608
6519
5494
6477
1127
9636
6534
3014
5223
5481
1648
650
2686
6842
689
3182
7616
7580
2683
8806
6675
2685
8440
3879
8043
3301
7141
9479
2870
9816
8571
6571
2788
3209
2101
1081
2507
9550
7897
4793
9560
5314
7444
7995
5159
8073
6213
3698
4624
4880
3825
3433
1165
1758
9185
6193
5882
3885
1225
6770
9566
4210
876
8498
2473
724
3402
4439
5264
3170
4789
6701
8070
7844
5418
721
286
1205
3982
5151
2666
7419
182
4869
1460
2446
7378
5177
1101
6814
1734
6221
7653
5661
6954
1871
8891
3139
5007
3461
4296
1746
9370
5464
7741
871
770
3018
499
1713
2500
8058
1348
4011
3616
9567
989
7747
9866
9156
6572
6577
9048
2610
4236
9548
1076
2363
391
2807
5139
8715
2362
5163
312
4508
9398
4440
1680
1179
3207
4587
987
7492
7917
3606
6439
4961
5794
9640
7827
6403
6801
1421
934
4214
2393
2920
459
1112
2034
2238
1958
8299
4931
6334
3203
6951
7875
777
8114
3319
5710
9963
4732
8468
4694
5428
143
3905
5253
9545
3676
7050
7638
155
2211
6768
5801
7531
2371
7782
8658
1781
9643
1954
265
3131
6859
7464
8527
3136
8099
9384
8616
6010
2800
4975
9695
8757
1208
2353
4930
7467
6545
7958
643
2374
9330
6849
7648
6239
6838
3293
9765
9922
7555
4941
2118
8562
8649
8711
9803
1796
1211
2825
20
4333
3735
9943
8528
6860
4807
4973
7722
1077
3027
4191
5262
7944
5394
6761
356
9733
4165
1139
9445
1959
6559
3180
6709
1394
708
7918
1914
8132
8492
5889
1844
4491
7920
6661
1392
7596
9352
8072
8127
7581
6586
6802
6763
307
3015
4668
9323
9831
3777
6590
3233
9322
3225
7017
741
8953
8273
1668
6288
8324
329
6611
4656
810
982
9590
1646
8518
2630
7362
1855
8971
9864
3197
9119
9890
7233
4193
6478
3250
7064
4699
4098
1595
9304
5601
3990
7047
5376
8804
4532
3176
43
4654
8689
7941
9557
9953
2977
7241
7680
6348
3397
4960
4102
8669
9093
8587
516
8969
918
6804
3615
3300
7293
1495
4841
1079
4556
2341
6309
7320
6246
7597
1841
6683
1138
7871
1908
5128
4636
5349
9484
5120
4763
2692
833
793
5761
2260
9823
1986
9021
4478
2458
2011
8832
8079
8642
2961
1637
4889
5098
782
8215
4584
6620
4571
2770
5233
9761
1271
7379
9532
3330
8585
9578
4679
6600
2750
768
2542
1089
36
7103
434
7832
3457
1642
8063
9998
5875
6462
1789
1375
4684
2193
4963
4249
6026
6604
3052
248
4670
8767
4159
6216
752
3406
1490
1317
7534
8667
1578
68
5206
3930
2672
5870
5158
1657
997
9368
3072
584
7028
7020
7489
3906
4516
6006
4141
4355
4464
7161
8830
673
1389
2772
6203
9272
731
1319
9254
447
412
3332
4500
3308
518
8875
4195
6500
5051
1444
9587
827
5751
8194
1694
1660
5602
9897
2373
7019
3720
369
3737
9723
5392
865
4063
9102
8525
4068
7112
3848
8179
4459
9872
9387
9473
115
2258
5374
465
9778
5076
9436
8569
9669
9106
7931
704
8350
3046
4410
7778
4936
527
8234
92
5921
2902
8866
107
7524
8057
9503
9430
8293
2182
7318
9653
5742
9305
9460
9740
420
9256
1901
9708
7540
874
8117
137
567
6535
3600
6015
8657
8708
2690
5357
8961
1836
136
8911
8425
9753
7438
1416
664
187
8910
8320
6413
4957
812
3303
2792
3419
8051
4403
7130
7321
2062
834
6322
6895
269
8761
4847
7585
4904
398
4876
7571
9081
5909
5641
9422
7584
6673
5969
5220
5134
3565
5497
6633
5346
1768
8014
5044
7209
5219
1140
6285
5129
6157
3971
7149
5380
5795
2149
1667
5006
5342
1023
6786
3541
7874
7039
251
6052
2475
4672
29
446
7485
5292
931
5532
6540
5975
5192
8765
7709
5172
4947
3135
6884
8922
9083
8076
4482
5030
4651
189
2545
7211
4274
3388
743
9999
58
4307
790
581
6189
5619
8989
1306
388
9109
9253
1579
8511
5359
3320
1809
6005
6024
2805
5672
67
9329
1761
1780
5505
641
1092
8082
6409
478
1798
6451
7847
2477
2300
2744
6331
6134
2234
1025
2336
5813
5294
6469
5431
9003
2927
7331
2183
2196
8583
8180
8025
2460
9181
4527
6942
863
6997
4319
7356
1129
8029
5280
3909
1956
627